6.078787190848082833e-01 8.143121891826221592e-01 8.924191300182842124e-01
7.278737601894169629e-02 2.907733505795809803e-01 9.223407299131621828e-01
2.998962978093342446e-01 9.801710307408773026e-01 2.489435695553907646e-01
9.607636369781604735e-01 2.299147693264516068e-01 1.255815818005171502e-01
9.292191240849294598e-01 5.986225924583776781e-02 8.152676134730790780e-01
8.953185015624653964e-01 8.025767916307767758e-01 2.241392061520237622e-01
4.774618153245953067e-01 1.693732435119642554e-01 8.168861118289663104e-01
2.923893894937903415e-01 6.434270775271665466e-01 6.656418319767209990e-01
6.528513330566252382e-01 5.265585014315821155e-02 1.792626591364421262e-02
7.612418577859282331e-01 9.002555400990652767e-01 5.716615106680353886e-01
1.375950035101156654e-01 5.427769229840040399e-02 3.911804833926735281e-02
8.892774014901719815e-01 5.391440047988480533e-01 6.075200463578728227e-01
1.232876686025310420e-01 5.906136494062781406e-01 9.918825281894416701e-01
6.870373307788952832e-01 3.402915416062652909e-01 4.716629029253143202e-01
8.729278126106451152e-01 2.529113991348339585e-01 9.812903937517256647e-01
1.023528106518507563e-01 2.336871999886988016e-01 5.666384167304072683e-01
1.186350620918747989e-01 9.910019672654417633e-01 5.215755126184349333e-01
1.230260719038989148e-02 6.088606121283816064e-01 2.073896904827469134e-01
1.858387755579661293e-01 2.292521970597599656e-01 3.387342374323062399e-01
5.544862257412940254e-01 4.296017951996631279e-01 3.674882689712721806e-02
2.051193441119355532e-01 8.630651769613181257e-01 8.625166338777867647e-01
6.905502780132490859e-01 1.747345518929854791e-02 4.973952927708464866e-01
1.843186622000558827e-01 5.631698405405005659e-03 9.499217228795879819e-01
9.600114032537091502e-01 7.704559116335929492e-01 7.558248117626429341e-01
2.906654683036324904e-02 7.290029589832326407e-01 5.621384592712475037e-01
9.550847627654435179e-02 9.800267610870782020e-01 8.251037048199072466e-03
5.886451138227716262e-01 6.319337478030900845e-01 2.707342905293462776e-01
2.443126567520457204e-01 3.806057776120604919e-01 1.904967447535277358e-02
2.487924456489954972e-01 4.845370934652556416e-01 2.552280095252675851e-01
6.077163285863953490e-01 7.243277958285165852e-03 9.601220340949785381e-01
6.684942840124904473e-01 3.313466373842166579e-01 7.445928517296352966e-01
6.751583337289150943e-01 5.450133290633600858e-01 7.399203359282737757e-01
3.030046503564182148e-01 7.452520098881931787e-01 3.628001173810578850e-01
7.452479118987845874e-01 9.816023456462182883e-01 1.650046035571236525e-01
9.994596047498131020e-01 5.644129939990486511e-01 9.088208623636240269e-01
7.429440598094486647e-01 1.989675395733283558e-01 1.953211069197490213e-01
8.139355751877925815e-01 5.218583399049498972e-01 1.473488479093121306e-01
4.094129705663883678e-01 3.528520798812195824e-02 5.753617689873653518e-01
4.975986011321728020e-01 9.313132692744608976e-01 1.258435947738596461e-01
9.043481890906805987e-01 1.975573932155584300e-01 5.446177222112188465e-01
8.518022457441921658e-01 6.218471335477426809e-01 3.240761117875701203e-01
3.880061579738973698e-01 3.869956582120933630e-01 9.009794866213350906e-01
3.948113683540698249e-01 5.084120755128144209e-01 4.651290775456586868e-01
5.650509636955320936e-01 9.626377820432844290e-01 6.128684685707788127e-01
4.098079695807907985e-01 6.092695025214978077e-01 6.172674442941561423e-03
1.978157016768882226e-01 4.267272260173365916e-01 5.515670574308791929e-01
4.852189628429073309e-01 3.960522024549506526e-02 1.769479850969081225e-01
4.246610913084022387e-01 4.620774472457911397e-01 6.946816286588485267e-01
6.048610206844935444e-01 2.970500307138239648e-01 9.896989720901325782e-01
4.033445732856211219e-02 2.321892411029946590e-02 3.044027663105678405e-01
9.202483897505280286e-01 3.262931244361180205e-01 3.675292597780137616e-01
2.137630928403421171e-01 8.878929476300578827e-02 1.896060211856720468e-01
3.207657014923479544e-01 8.494475454389499580e-01 4.843175422217949055e-02
8.826342157176869652e-02 1.217267217518201994e-01 8.384345678644482547e-01
4.025186459838371311e-01 9.896396090291093017e-01 8.802870589344369279e-01
9.956005233822189382e-01 7.806232527458487613e-01 9.929911825029744676e-01
1.944336966060238314e-01 2.643008696498901910e-01 7.685550494906767671e-01
6.526924716374208346e-01 5.861683788005848106e-01 4.193419193603905581e-01
1.899984863684944791e-01 4.844011264773427916e-01 8.412961828608599424e-01
3.087863426853959536e-01 5.999233224673092835e-01 9.649301163119180513e-01
9.624995087396269744e-01 6.853087383126613696e-01 7.958066980938227619e-02
2.072718839463638663e-02 1.485724542670341375e-02 5.435640483630582720e-01
8.661617555088962916e-01 7.862833133380069395e-01 4.212010785219826303e-01
5.303468551126975239e-01 2.411337422195215519e-01 6.279206499898837279e-02
2.779112423817680089e-01 9.157501311177949077e-01 5.755868461179730611e-01
9.620214867345211474e-04 3.262421002452310370e-01 3.299785356144931958e-01
7.119256178730438700e-01 5.872372681624805635e-01 8.999334045355243950e-01
7.546036783125085190e-01 9.031518630374906209e-01 9.715737751560401536e-01
2.326972176149861848e-01 3.476298163660185292e-02 3.717991913751486077e-01
8.051775321062815127e-02 4.668179005800832115e-01 2.087017296138271583e-01
8.918075943867022071e-01 3.655836541889149194e-01 8.250629246910723413e-01
6.309317327987649104e-01 3.119764741796514640e-01 2.573933559500352075e-01
9.480980558602795094e-01 9.253602500707636125e-02 2.888899816239530738e-01
4.260166054806090452e-01 7.505308615574097786e-01 7.231720278799937951e-01
8.670417994628092373e-01 4.789383216367570917e-03 4.815065491322711999e-03
1.413981247667972507e-02 8.834494848746345941e-01 8.349317327600586092e-01
4.083103398414016372e-01 5.573244565713555421e-01 2.687701893270659781e-01
6.966407244567729418e-02 6.368157984260367499e-01 2.576675616505208488e-02
7.136498330137485135e-01 8.521618561385212454e-01 3.150551130827219382e-01
1.397553931710333597e-01 7.653536280591530794e-01 1.739856174802376643e-01
4.713315099151960119e-03 4.405718616092293427e-01 6.562324811520904300e-01
6.445716624899311409e-02 9.840396537394061616e-01 3.702811524077467276e-01
5.428847553455059538e-01 7.642389515651232257e-01 4.964143993233167684e-01
5.546554741909144326e-01 5.805162330167409346e-01 9.697976326493138455e-01
7.139141790140767219e-01 4.756211648203795272e-01 2.927611941241968774e-01
8.216856417050024675e-01 7.819562557870650688e-01 4.053330499070595394e-02
4.285576139160074405e-02 7.228731626743717387e-01 7.301511448404575111e-01
9.931394916474975965e-01 4.414649121595644043e-01 7.403166070983435709e-02
7.108655720060687022e-01 7.465182647980858066e-01 1.382495400678808162e-01
8.724724093684785853e-01 9.662168164834361583e-01 3.629725270317056829e-01
9.016848739462435258e-02 8.671929646714043871e-01 4.476071596763575577e-01
1.655314819171636032e-01 5.632778523877888244e-01 4.290612466170534711e-01
8.531811878398746218e-01 3.645435892047177440e-02 9.301287544228621362e-01
7.797250886729828467e-01 7.088200515663409806e-01 6.536090489112926782e-01
7.961899924770210468e-01 4.682982825730156451e-01 4.365719428445874462e-01
6.880386382250031074e-01 4.028493810989175472e-01 1.325135790526014157e-01
6.535671826127730233e-01 8.263627445915805447e-01 6.283919524961489866e-01
9.044120911495409088e-01 7.894896732422336250e-01 6.081669307380658251e-01
5.759534685851430691e-01 1.806330450030178003e-01 4.330996312262408443e-01
1.229551472029792869e-01 7.355666871957476927e-01 3.319609800044988068e-01
3.296973525872346489e-01 1.456621201641250529e-01 9.727595464771946476e-01
7.668873775757986122e-01 2.880419079857199360e-02 2.841581381673379259e-01
2.332703720411199999e-01 3.403913032101480995e-01 2.528063360610754984e-01
4.054384073926542431e-02 7.562370658521703204e-01 9.905302701046658775e-01
9.117522847685100018e-01 9.942732269949898782e-01 1.790656923842591786e-01
7.778386576549323195e-02 3.196395841241779223e-01 1.024401920469986127e-02
4.386802772668023653e-01 9.851904402339055622e-01 4.408179444992077478e-01
4.161575215287031115e-01 8.310091711646773183e-01 5.995885754381748978e-01
1.816827573144456087e-01 9.573742287939905893e-01 7.122928961141649085e-01
4.716787245012380447e-01 3.563222306553613938e-01 4.586659808644901748e-01
8.151268238910353015e-01 9.724240766082725695e-01 6.817885106477301616e-01
3.678417196261354327e-01 1.731887182158642347e-02 8.633543532728724657e-01
2.166609624846137505e-01 8.669651545529654113e-01 3.457377972365337504e-01
9.972190858233709321e-01 8.733019127415988514e-01 5.086722152426716992e-01
2.334123527547777854e-01 6.678314987964016902e-01 9.372747852126772639e-02
3.828716611422148253e-01 1.090310805458316601e-02 3.528799546834826550e-01
6.339890431796215697e-01 1.472552369809673189e-01 8.091730959592821071e-01
4.713438009170001219e-01 9.718671409645252002e-02 1.295646683485263129e-02
6.865013283675385214e-01 9.646059086404107363e-01 4.355728795850961621e-01
8.679870118286570069e-02 8.998186770710177029e-01 5.527618668519158618e-01
9.576983253207899116e-01 4.338189384926226522e-01 4.957592571721313179e-01
8.483716065271916795e-01 7.158846239212240947e-01 9.142832440365810109e-01
5.482254729195161769e-01 7.051579510605432421e-02 5.406191160188293932e-01
8.265230845219510014e-01 1.720820669665059643e-01 3.198410173277688173e-02
3.905706443695285968e-01 3.768831438431593517e-01 1.679635620369210880e-01
4.523190735660004291e-01 3.429434955872395774e-01 6.366085464702760932e-01
2.022934573551702364e-01 9.877689607396747951e-01 1.210754599563189648e-01
1.513914742670596780e-03 6.155692168197224312e-03 7.614223331845682008e-01
7.591635973143027183e-01 4.063450960833212555e-01 6.207927290901922301e-01
9.852593527447720545e-01 7.192198190141829706e-03 8.900514467305931099e-02
2.950451258768096441e-01 1.469780675322863717e-01 8.086499041220146511e-01
5.452626569627598840e-01 4.520938457230307961e-01 5.689827099409123790e-01
6.625794118190826421e-01 5.780253129266363921e-01 6.047591024555033501e-01
2.190660270569301238e-01 3.885003685429249121e-01 9.811574466092283231e-01
3.599585368827595833e-01 9.589550196371533497e-01 7.285866777713425613e-01
7.473902078285065143e-01 4.184934535604057926e-01 9.158635765953022645e-01
2.404100474055308467e-01 3.620263927982650953e-01 3.938519814000713826e-01
4.074217344558640486e-01 6.867788483519577936e-01 4.351905856188772459e-01
6.994453732085671449e-01 1.314415322111879281e-01 5.796928995428491938e-01
7.060426158133935592e-01 6.674277976822141634e-01 1.321577407898943957e-02
7.422154614669770334e-01 6.755756309558187400e-01 3.944729521532347460e-01
4.814070076881730165e-01 8.884843709324552474e-01 7.891956562989561608e-01
3.895716252006868885e-01 2.329411906272338406e-01 8.734493963544361916e-01
9.873401569690616331e-01 9.451852217029341752e-01 7.033775453708388525e-01
3.393358172826975716e-01 7.611615137928495756e-02 6.211285799697707777e-02
5.589059600269283834e-01 1.607987019689826047e-01 9.581741565978968422e-01
6.324129276501199159e-01 5.164622768506377248e-01 2.137051044384394860e-01
1.255383953826733068e-01 8.009003119647850610e-02 7.190957020829821245e-01
4.277464608686777359e-01 8.609168497733142855e-01 4.231836963350893432e-01
8.841790140039964552e-01 3.246747082462344558e-01 6.160539972724914382e-01
2.129822035459250085e-02 6.277699467357498175e-01 8.768758564050664894e-01
8.138547053978536505e-01 1.773848223369900445e-01 7.944896559493999089e-01
3.213343377054418415e-01 5.853968595368210792e-01 3.693727329460489983e-01
9.975085124149674076e-01 2.282618267857083882e-02 7.013926298611861121e-01
3.213661047305471641e-02 3.005962750904875858e-01 7.412132996970129950e-01
6.965976424240039044e-02 5.966727460166805219e-01 6.826931966863211132e-01
9.508653839103994310e-01 6.692367163320432910e-01 4.836524169408952245e-01
3.216605786426826041e-01 1.497969829243104289e-01 2.675460420638680059e-01
7.807310106142795192e-02 1.187594384757452159e-01 1.256442131904610404e-01
3.494150486871435701e-01 2.045514495541662647e-01 4.210171084082194870e-01
2.252144392473554024e-02 8.815410382327898420e-01 1.099871304212340917e-01
9.103338769702262745e-02 9.435543591113682016e-01 9.658609679174033902e-01
6.834158790767138614e-01 9.998511171959345578e-02 1.443875089762735042e-01
4.630428737520048132e-01 6.374415804446788014e-01 3.379641834192387284e-01
9.514644757990635693e-01 6.405716204032354533e-01 7.077859421592166411e-01
7.806984605854272452e-01 9.686079570471307632e-01 8.332735641004874738e-01
1.588287442560354368e-02 6.657140163410242284e-01 3.431374461158060996e-01
9.146432921966174412e-01 4.364997424154649641e-01 2.131779134459130809e-01
2.104056512585716909e-03 2.962275860418367435e-01 5.093623894255656648e-01
3.219393483349729523e-01 7.679214347526934770e-01 9.254475248617650696e-01
3.112006772171727054e-02 1.612259351278484409e-01 3.768692106578622747e-01
6.327084602987433914e-01 7.409173158891831923e-01 3.625232911353150067e-01
7.972083975716097726e-01 5.484237707455860145e-01 7.761000327254109488e-01
4.766994503999093524e-01 1.342509160487614928e-02 7.144052905491268257e-01
7.943812299635240048e-01 2.379157942123213410e-01 4.402270804069937649e-01
9.695207291409533301e-01 4.809196851343143786e-01 7.249128691205009023e-01
1.520434925629644551e-01 5.400338927990647742e-01 1.120578623879496805e-01
6.303134361483898607e-01 2.128793503364468931e-01 6.520921823863485844e-01
5.049619525327215808e-01 8.083872590775253997e-01 2.780406777559263354e-02
4.871236547437076680e-01 5.011193604365569154e-01 3.615392451961346731e-01
9.375568333305238644e-01 9.972673162419932735e-01 8.647840929828837231e-01
8.342222880369998261e-01 6.878624125571930481e-02 4.303756723087164282e-01
2.548637003085175712e-01 7.016298040376082179e-01 5.080893427892008152e-01
1.242309438366451246e-01 3.622394365995111887e-01 6.448082172747804375e-01
9.849066345715157267e-01 3.516738340392772111e-01 9.583825699003031273e-01
1.867679429120194801e-01 5.874743284017411860e-01 6.057162585241440134e-01
8.393149713230158016e-01 4.786549991547495164e-02 6.049694308550128685e-01
6.642793661905030955e-01 2.095992511829957161e-01 3.378533309515112659e-01
5.621245419379971020e-01 5.234402271607614399e-01 9.970492781061868204e-02
5.688028794027616408e-01 3.997697269754989513e-01 8.840381920563872287e-01
1.249071027883947860e-01 6.582423205949641254e-01 2.341932638256081223e-01
6.183589281710588637e-01 7.024470662349637795e-01 7.847549274175685818e-01
6.932558173528702294e-01 8.612065161939235214e-01 8.053181716619304265e-01
7.327262772128689816e-01 2.853900508264366476e-01 8.829224201841612274e-02
3.116666909519252293e-01 3.489629586301601361e-02 7.361884209661001544e-01
2.110781215787740361e-01 6.441486517413546053e-01 3.325359191417436300e-01
3.754635669526151798e-02 1.977378843635003713e-01 9.968274521211583084e-01
2.341972185885056179e-01 6.872277041263122888e-01 2.073297384297034807e-01
9.867878025676208864e-01 3.223929684826221109e-02 4.742182602866026331e-01
4.111445382955936090e-03 4.053754658219042017e-01 1.699722715669378381e-01
2.430245018111227839e-01 7.150498268449083650e-01 9.772026422732283946e-01
3.917192907854980533e-01 4.405548898038244010e-01 2.884353854980830079e-01
5.493051942264285392e-01 3.329277154425447360e-02 3.612737630865734406e-01
5.972079481436878279e-01 9.830858046274270068e-01 7.421267612841017103e-01
5.322334863017332829e-01 7.868341790394292046e-01 2.916728702292358255e-01
9.410239361891082899e-01 6.441878747518566817e-01 9.465520023194985422e-01
3.465689667688609532e-02 1.983452096668837372e-01 6.481526954966654319e-02
2.106278816041737834e-01 1.163352972809640340e-01 5.162505592185837600e-01
8.077043035156319384e-01 6.115029239543623429e-01 9.832024553216605067e-01
2.101824466324923035e-01 2.426940487082805964e-01 2.431345795725903258e-02
2.325766738808373590e-01 3.913276508428124023e-01 8.258036034698156280e-01
3.806980910779976801e-01 4.089441782551778148e-01 4.353925972384613541e-01
3.058423940248697903e-01 3.873355905611001182e-01 6.845908848342269204e-01
2.889023505515556645e-01 1.975558052718242585e-01 1.506399166240383058e-01
1.088857263584693813e-01 8.172337593467892125e-01 2.522058450679617314e-01
2.761420391592340762e-01 7.834288534901358014e-01 2.663804934630964460e-01
3.862678794596475784e-01 1.797736944592333019e-01 7.722457452254778421e-01
1.372447422850067156e-01 4.278615420557860816e-01 3.716347920373644920e-01
2.453481751885864259e-01 5.276504189137684042e-01 2.279395617790413997e-02
4.726766196988378965e-01 8.652642628982231132e-01 3.094084842386972678e-01
7.907733637870619781e-01 1.882699229518824957e-02 1.398528535162494313e-01
9.878477334701167845e-01 6.403157150792069263e-01 8.428202864543804518e-01
5.846762072435420787e-01 6.055498248357003011e-01 3.633589473734533115e-02
6.136787956769274022e-02 4.247440095064591858e-01 7.827396934391812611e-01
8.675093530643306350e-01 2.724575679829825958e-01 2.572610889061859307e-01
1.697739237314290772e-01 7.487314147713592938e-01 7.122930378402272389e-01
9.601485464987558061e-01 7.305435251556368081e-01 3.545405234017277030e-01
2.924673238216654036e-01 3.713511663880703084e-01 1.227663136476023764e-01
1.180617075890973977e-01 3.607810750091333674e-02 3.767880296175037946e-01
7.166835873919560340e-01 4.390103631352082481e-01 7.952523452322326492e-01
9.876201987361303836e-01 5.713963484478052912e-01 2.260398756300807666e-02
7.845240728785544126e-01 4.091081947044582501e-01 1.891145935001546929e-01
9.554861742184688200e-01 8.684018254551609806e-01 8.368905642415160884e-01
1.184810769395271413e-01 8.847739108259368157e-01 7.761166229427213237e-01
3.867378817669537838e-01 2.897836644516675886e-01 5.812449640247013827e-01
8.824169207967694772e-01 1.983612239683241185e-03 3.484430020651239079e-01
3.570453518233240864e-02 1.767793468067895279e-01 6.507549326106109033e-01
8.561651425017891004e-02 4.229735602627592295e-01 5.282053505561880025e-01
1.736042250190336089e-01 1.217521491075490570e-02 2.420822091610436155e-01
2.160367514778952502e-01 1.648633843338624949e-01 9.883493976972154149e-01
3.722831572450968629e-01 5.726255189272314583e-01 1.139381015810674302e-01
7.818030055578896187e-01 8.726942410264394434e-01 2.128441226678501330e-01
8.177961891123624039e-01 1.428012352947650720e-01 9.075643059383113886e-01
3.730605672343223489e-02 4.958203042124880167e-01 9.068206815209129967e-01
1.830596155927946000e-01 8.488078126066682660e-01 9.403092488676645377e-02
8.842596788152301546e-01 4.809079304060968063e-01 9.707105560412794265e-01
4.382091458235186643e-01 5.025775224246611383e-01 9.707616127261823324e-01
2.036594551050764368e-01 9.882731861675663199e-01 9.555741323751942851e-01
6.917840454072176071e-01 1.983503274267151006e-01 4.797635866966867280e-01
3.389581967883297242e-01 9.775154891956344683e-01 4.277654392782996862e-01
9.762767435355317325e-01 9.166165708939773005e-01 8.669993875685433338e-02
7.979851226446537105e-01 3.966920087191755373e-01 6.267794080281730018e-02
6.372871872358372158e-01 1.735308753991716690e-01 2.668501935440348305e-02
8.709165597839585438e-01 1.203817950111015778e-01 6.840309300141862447e-01
4.144005290724805946e-02 4.589757475330296099e-01 4.156216139845470003e-02
8.318577733835502697e-01 7.162912936941159270e-01 2.525413816599519912e-01
2.107718653731096570e-01 2.857283668239826158e-01 9.332565904326053374e-01
2.283663856518818314e-01 8.582157678411165280e-01 6.881906323950929272e-01
2.479174411916542642e-01 8.010441645126903376e-01 4.692296779316772470e-01
1.674759791782020057e-01 8.486772481512556698e-01 5.256291786156924717e-01
4.288944023494710711e-01 4.185878889153811233e-01 5.784790134722812560e-01
4.645785782775495587e-01 7.701793973606230193e-02 9.902483333642391194e-01
9.770909447748507004e-01 4.703220263296256087e-01 8.452258250614570478e-01
6.468578358971592834e-01 9.363971634505722230e-01 7.826908958032818830e-02
2.920131817875434299e-01 5.772809059352002059e-01 7.990094207375082469e-01
8.916918825688825434e-01 3.817198042592961915e-01 1.290326003868225158e-01
9.455913825787850557e-01 2.464107455936727087e-01 7.660222360543144093e-01
7.771918640359383179e-01 6.454308387739081665e-01 1.164768627714497518e-01
7.002541108917702539e-01 6.819734220076880682e-01 2.444560518982539232e-01
7.850470821281751999e-02 3.183253822576167513e-01 2.726051865809148156e-01
4.162313196405772464e-01 2.104710235408315810e-01 6.937955824365849011e-02
4.665864256271773369e-01 3.280645976244006556e-01 2.684234263872983250e-01
3.991775524468710312e-02 9.690167857257712125e-01 7.621120686497208085e-01
1.241313937019510316e-01 9.955678640871992169e-01 2.847167996924714339e-01
3.630568267401869109e-01 8.626476089576726736e-01 8.633022535261137831e-01
7.830254276871697616e-01 2.441420734011656712e-01 6.421461155351061434e-01
9.215845491023318958e-01 6.300040865006832913e-01 3.988405844376378129e-01
3.387393135491200136e-01 3.137654957281141854e-01 2.696816821735947833e-03
5.464394822504354821e-01 7.220673767980998470e-01 6.951959116121214644e-01
8.969086406565762726e-01 9.516839891523984907e-01 5.563501402938676454e-01
5.312273213555565032e-01 3.464802743709836097e-01 7.894483845301071279e-01
9.960506016486868619e-01 1.790749690757861279e-01 8.930846019553143611e-01
7.943131567146173300e-01 8.677786653967487496e-01 6.965723944198930484e-01
5.784258788660833206e-01 9.856335812050106560e-01 2.033105919950445317e-01
5.435484639156076270e-01 2.965874282009214324e-01 5.069266884173031507e-01
3.418782186095253861e-01 9.669570977213463037e-01 1.118096275096620573e-01
3.834752013437066065e-01 4.088139419868503932e-01 5.791670276530791472e-02
3.293553266081572506e-01 2.886097401885412417e-02 1.920365049362884324e-01
4.823434739345872080e-01 8.737530572665272999e-01 9.622630623921473170e-01
1.795585429063053517e-01 1.875756294499271171e-01 1.322382005767567259e-01
9.878661608504362146e-01 8.553891000532551914e-01 2.794819198784577186e-01
3.659711639176234099e-01 1.047195014125836821e-01 8.409888685065345371e-01
9.314381747788761379e-01 3.193910232615648770e-01 4.893250595404763370e-02
5.568960597453146422e-01 1.610267107041635226e-01 1.540737431457134266e-01
7.113231039783493026e-01 2.649058828604289317e-01 9.334716278079306928e-01
6.194264596052845295e-01 6.638062054063539330e-01 5.200558372846709743e-01
1.685810579502067252e-01 4.343400575138015585e-01 7.282479494235009065e-01
1.196871944445934144e-01 4.621367522987971377e-01 6.086047255929676325e-01
8.808594776727070030e-01 4.526184222348762498e-01 3.728033352649917642e-01
9.316969169986480948e-01 1.344084164417546079e-01 2.505181210830931260e-02
8.944117512891158750e-02 7.511162937423896402e-01 4.853539407706575215e-02
7.422920150330508671e-01 5.814121786199072384e-01 5.389122842225892995e-01
8.244837463084555562e-01 6.621478156404004833e-01 7.985512660024279841e-01
3.989449151718681419e-01 1.378979858625100086e-01 4.687785757049794944e-01
7.986778002897040318e-01 9.557781467206445392e-01 4.591632863596639691e-02
2.144205367671828677e-01 1.378327941630309583e-01 3.784986597431625466e-01
8.190060653852175854e-01 4.462803296939837905e-01 7.330454089657137962e-01
9.911024125310485822e-01 5.594827987503739886e-01 3.068249883814121448e-01
7.837033110339275410e-01 9.909333165572037361e-01 4.996986627377641987e-01
1.419815384137480541e-01 8.503990722019454385e-01 6.268223722420757094e-01
6.555379143186789159e-01 6.368050096143972327e-01 1.459269823919451259e-01
7.523959480364069696e-01 9.874010305167245649e-01 2.629642756074289656e-01
5.269263155449049885e-01 4.809612358231302176e-01 1.848442617665466692e-01
9.916576892300045243e-01 9.092959258720023641e-02 1.740474351083820537e-01
3.499608581179358691e-01 9.180019624453797933e-01 9.511844796389707923e-01
2.604096764510327455e-01 3.055227073944520866e-01 4.938548204866318736e-01
3.943756287296980023e-01 6.761923085864370853e-01 5.773217737012804607e-01
4.532774932961055603e-01 9.492690773906787838e-01 5.550509172381566936e-01
5.993539543249263302e-01 8.332155914496716109e-01 7.547483985850839128e-01
2.647790734535185875e-01 3.520844050161516803e-01 8.952927775145238520e-01
6.006910535608459556e-01 7.022168983892324023e-01 8.694283271409416480e-01
6.110106018359132696e-01 7.883601752247902938e-01 1.322421284475338021e-01
7.103072939620835857e-01 7.363681279389413525e-01 5.739592297015115863e-01
1.407167629426928634e-01 2.699196570841395637e-01 7.648062978051484162e-02
3.044942203356086896e-01 5.878252796620306864e-01 2.541601220408258310e-01
2.956341481659899850e-01 7.668875565676265271e-01 7.288645433635632109e-01
7.600714121091360909e-01 1.541040431023719126e-01 4.895410427384122576e-01
5.899625507516895739e-01 3.146255025156805551e-01 3.254549140540252683e-02
4.918375023493203324e-01 4.632302776641705755e-02 8.702302491503539628e-01
9.339984399473644228e-02 9.993681970669207049e-01 6.197689732272972929e-01
5.979766656620699727e-01 3.544708704290461254e-01 3.519495902245012298e-01
7.719472532167204193e-04 9.521415373593843379e-01 5.037594293457714478e-01
9.995680340977457501e-01 3.296876249033351414e-01 6.943050304874831546e-01
4.030533858029502481e-01 3.119336827364471709e-01 8.331120802915188417e-01
9.937817143241753914e-01 9.876310696345889095e-01 3.232908435806982617e-01
8.352675785631877847e-01 6.470021634001570376e-01 5.861271671715085896e-01
5.969810044466603571e-01 2.835589746232214381e-02 9.004029293196458283e-02
5.557286149422128174e-01 2.856995515861403545e-01 1.583273300295603425e-01
8.816575753995178344e-01 4.319686586887647728e-01 3.941714150709541009e-03
9.858261903599567777e-01 5.862304847065410440e-01 5.688952182206347130e-01
1.118148298056717005e-01 5.193694790626001145e-01 3.041342293250182127e-01
6.030426943518504279e-01 1.800405743175526041e-02 8.127254064538447231e-01
6.758500281547793476e-01 4.993229920075143990e-01 9.315737265147333579e-01
9.958490216212513291e-01 9.882906829940967253e-01 5.016918396470387842e-01
9.459606341000627028e-01 4.037802660131817323e-01 6.509143190893141862e-01
4.180426640291711182e-01 4.950911718421113772e-01 8.616730260969779343e-01
9.937572273070361950e-01 7.263069466437144239e-01 9.014835374549559077e-01
3.811722533419892311e-02 1.510959489032056569e-01 9.152891674244609810e-01
6.598640706519213195e-01 1.713455544282712628e-01 9.722402625743152838e-01
8.379760379315648322e-01 7.956304551011085247e-01 8.048728575900035986e-01
1.172211404560935533e-01 9.039425624035930529e-01 1.357362255020699848e-01
7.588437477675874510e-01 5.375356116515780380e-01 6.714131506765745883e-01
5.203467531684888847e-01 4.341819583689733308e-01 4.705658585169930630e-01
9.318941186152496226e-02 8.154604308209643104e-01 9.841427878567864385e-01
9.636268547804408557e-01 2.464761337835201793e-01 5.381805988672589969e-01
2.463949624447459019e-02 5.129939701650062522e-01 3.685529375160984111e-01
7.123366584859002204e-01 3.011990777877476821e-01 5.809433272246793400e-01
6.124452347880413594e-01 8.444549417613258502e-01 2.311456665125849463e-01
8.158734923252031201e-01 2.358561678670706430e-01 2.119125212280044135e-01
4.744384310346250189e-01 6.863764086880721482e-01 2.223436385052516284e-01
9.892515879901029319e-01 1.141575004247606939e-01 5.535113806621525523e-01
4.744880161532732954e-01 9.783468479296633102e-01 9.135367023488787375e-01
4.366535426885929105e-01 2.558204165656795537e-01 1.551119252085751965e-01
4.929847184348702394e-01 1.589294042564937115e-02 5.350657802822005316e-01
1.762139015686605692e-01 7.654696210675372425e-01 8.277083296374887489e-03
8.311798955933742405e-01 3.662700677660596371e-01 3.827870446706183039e-01
3.971121717580499144e-01 9.883169246728342738e-01 2.888479352363206853e-01
2.900640713553445105e-01 7.543222423812045996e-01 5.341816912686248031e-02
3.320377568514198963e-02 7.142330489658861303e-01 4.698422613422706950e-01
2.730445045018151662e-01 4.941102230927790773e-01 1.650361069102574962e-01
8.923720837240595172e-01 8.093919715813069349e-02 1.162156778829727122e-01
2.509135643478271893e-01 1.273080375898638650e-02 8.292211884093622087e-01
7.345770464810394973e-01 7.228351969364639196e-01 8.574237189155367034e-01
9.098880449255485336e-01 1.674354467869273444e-01 2.681295840364391614e-01
9.510948438922027792e-01 8.482498118257257858e-01 6.759089722868114603e-01
7.598052693785894984e-01 7.838666718602627093e-02 5.241249433133942093e-01
3.692280152109785885e-01 6.064185269362128983e-01 6.919209084539292842e-01
6.758441787429795289e-01 6.766343842918181029e-01 6.905827428010594682e-01
6.712501849696517198e-01 4.457060169811943862e-01 4.313443097235658552e-02
9.688304131457585733e-01 6.208715257780073049e-01 2.539564567411596308e-01
5.221730203460306363e-01 8.372563851504648547e-01 6.029961061393720456e-01
7.669805666305830050e-01 8.558204419533037566e-01 4.424923809427926402e-01
2.181507332874887961e-02 3.988755652073643354e-01 9.769527682949296077e-01
1.867877233174378704e-01 3.404436648861771664e-01 7.226556446102447850e-01
1.387311154122812251e-01 4.233048860526227308e-01 9.027813206078250108e-01
8.367778480669634256e-01 3.901713517104743456e-01 8.941139357076379746e-01
8.493330439675224053e-01 5.868982603095806994e-01 7.430646703332011160e-02
1.635407787926764778e-01 7.636703898775905053e-01 5.686926961754106280e-01
6.766597919484795831e-01 1.040996193194838604e-01 4.233187589480352786e-01
4.125636954173117488e-04 7.062684937608226798e-01 1.805064184173845732e-01
2.309307405492285747e-01 9.402508785898477939e-02 8.412575307955225679e-01
5.475080492929716991e-01 2.281536473492671302e-01 7.497565849828246032e-01
8.017056486732299092e-02 4.823605444268649345e-01 7.003123764237716431e-01
2.625407035028770597e-02 8.229556552988043228e-01 3.629157153236021172e-01
8.371027092805030101e-01 2.639665782330350430e-01 7.559118188563247465e-01
8.873487305765745958e-01 8.284154558472888175e-01 1.069905247972280371e-01
6.994366874462885075e-01 2.942826575932588895e-03 8.357930347813905536e-01
4.540409223602681621e-02 9.939650283672736286e-01 1.963106174263702375e-01
2.445131619952661817e-01 1.523783608865081352e-02 1.341242266925943838e-01
1.855644573588111079e-03 5.062498845928131708e-01 1.415785431346917589e-01
6.207606345002973924e-01 5.179374007231829502e-02 2.405909246892956599e-01
4.922636277213130462e-01 6.943477435508317308e-01 7.870062608351433564e-01
4.820991027306117394e-01 6.505350114882771928e-01 5.486480098843861120e-01
6.147566220181192032e-01 8.768964680726627492e-01 4.520579126436903294e-01
3.066653259321978631e-01 5.830267730760525513e-01 5.686341203667705235e-01
4.409325593934321219e-01 7.607906860718276487e-01 9.665887518645824850e-01
1.049092699902345327e-01 2.500959396135693513e-02 1.416715956172297508e-01
7.049112764014840993e-01 2.348424776121394997e-01 8.075026139766455779e-01
7.648247092480274789e-01 2.948833974833700022e-01 3.390808195739447584e-03
9.483203013155879768e-01 5.227616332053726111e-01 4.849831440623184609e-01
5.713750206228761508e-01 1.478962037545517028e-01 3.133135253787543428e-01
6.516336642619896535e-01 2.824815452517862591e-01 1.578333244086403964e-01
3.833844596336480892e-01 6.984231799615508995e-01 8.941013824952876998e-01
9.778212769532620419e-01 9.053449819111195618e-01 4.070748122337579655e-01
5.537842452379460045e-01 4.626837250728083051e-01 3.063222297376918535e-01
6.342240385096838962e-01 3.473801505078819574e-01 6.615502424548979077e-01
8.449186431090686122e-01 2.991858426790517944e-01 9.294452317267642982e-02
2.407259057637252120e-01 5.504517978811512835e-01 6.937402421971617938e-01
3.529631237160176793e-01 3.763227450523998208e-01 7.890032726857704182e-01
3.092693235237652383e-01 2.642467130940004960e-01 9.678503737882221403e-01
4.431847290022494779e-01 2.294470256973331068e-01 4.098585887732133504e-01
3.194101269753282235e-01 4.115001680777520265e-01 9.746024697866256803e-01
8.558893826414614159e-01 7.132667385482410749e-01 1.513457177855770386e-01
7.461984778696231224e-01 3.165364346722702171e-01 3.582496458870929601e-01
8.519305822045203369e-01 7.876281801597515564e-01 9.871462952909639821e-01
2.714147863208589140e-01 2.227984626713103156e-01 7.981219006498958546e-01
6.185203086197009759e-01 4.681165187478709688e-01 4.697889487152631105e-01
4.677323231585590602e-01 3.257379147418092424e-01 9.758866117600147883e-01
4.174302130056514182e-01 8.764073865218963144e-01 1.329691270483207566e-01
3.219214849969427306e-01 2.756811731218441475e-01 2.793827753536899383e-01
9.219209705667593679e-01 7.487208688594307882e-01 5.097414942559130857e-02
1.962478119772648189e-02 1.761991388252631685e-01 8.248398024320541255e-01
7.551356081369865469e-01 5.220406441919972496e-01 4.296406867203539370e-02
2.462691545614897892e-01 8.871425229198069973e-01 1.811911723938396390e-01
2.631985899416477981e-02 8.134548123928054819e-01 1.632374689640242460e-01
6.088268210526769364e-01 3.265848832043850569e-01 5.785753895322381934e-01
2.834682037971703039e-02 3.203329067132351105e-01 8.384073200930285408e-01
4.830865386336480327e-03 9.614314466193722986e-01 9.861562289303196227e-01
1.779098717306835109e-01 1.630024866978605491e-01 2.618915483858949012e-01
5.043625323517233472e-01 4.361303233856339556e-01 6.806968510520866600e-01
5.441294876601708852e-01 7.616440347139782352e-01 5.978771345910559587e-01
1.266093050875573001e-01 3.497482449878918098e-01 9.602373311317009552e-01
6.800441912888222085e-02 1.305283961003514959e-01 5.058547294424975416e-01
9.999621115508648961e-01 9.208286605609298237e-01 6.113697348924085340e-01
5.025863140961089881e-01 3.214322319537132877e-01 3.820253662399808459e-02
5.364437105675099460e-01 6.528049875746841924e-01 4.037825834231525413e-01
8.269475044270663266e-01 6.225236544296184338e-01 7.012301865634562592e-01
4.128133609047514030e-01 8.390065774097934526e-01 2.244384676944489732e-01
3.508244064090056957e-01 1.128607606314734335e-01 7.061894663392117577e-01
8.792107408257873180e-01 3.580380369257837314e-01 4.795861275440982396e-01
9.697916448555147229e-01 5.529228416551922320e-01 8.085904539674512170e-01
9.459593549121383393e-01 3.082417235766261587e-01 4.544441586524442522e-01
9.549520997875271533e-02 5.386569985233483626e-01 7.906114754102404607e-01
1.847589429652118920e-02 5.967668086379862569e-02 3.580919383862402050e-03
2.495095033005998442e-01 1.086032512690336960e-01 7.205293379946036136e-01
7.642404807570726266e-01 7.629817816658556184e-01 7.617557942459464160e-01
4.187284270663268471e-01 3.117355628197983064e-01 3.635759132313990394e-01
2.114651557367862589e-01 7.087412818645273394e-01 3.981480720640632187e-01
2.393902268488782292e-01 9.096698654692098041e-01 1.997319166620248332e-02
9.543884276516546583e-01 9.734004018835494820e-01 2.431550531382431490e-02
3.556425600656781816e-01 8.640142468342851823e-01 6.834718527838116175e-01
7.021212534664033056e-01 5.658728990753534305e-01 2.902512005494436442e-01
5.700285520509289494e-01 5.962125267540303586e-01 5.309227056384647758e-01
2.645904842600197426e-01 5.271076131831949896e-01 4.428976013285862434e-01
5.064313684803700699e-01 3.933379717770153494e-01 1.001304304713022120e-01
7.861138602786534868e-01 9.146898581972696674e-01 3.180103277773222992e-01
5.251132223996856085e-01 9.074342762620836167e-01 1.444232220698749014e-02
2.138292989266048494e-01 5.360593333821207507e-01 3.262577998019855485e-01
5.255684472953769948e-02 4.526394559517366023e-02 9.646318029324232324e-01
5.865694864757132754e-01 1.827621415598179588e-02 6.107022464723826927e-01
1.408925419699588177e-01 6.574529750902146086e-01 5.154484906726651827e-01
4.209916164127330829e-01 5.503253898112470122e-01 6.350627818165290872e-01
1.392916078765376042e-01 5.375758269868922135e-01 6.635828375384487110e-01
3.171296008248520870e-01 5.313065474147889988e-01 6.355063863352421460e-01
5.369994777812063802e-01 3.127476367448503991e-01 9.104552876371465597e-01
5.711608150552638374e-01 7.911509890191888994e-01 3.655233934362377424e-01
9.521797329220939021e-01 6.433629592889067439e-03 5.577943743488950057e-01
2.334565521451554826e-01 7.296342049747839287e-02 3.025297015995298544e-02
1.293961186886009029e-01 5.923962958613741003e-01 1.673395183149823939e-01
2.928339699940167851e-01 9.734431466513764342e-01 8.846305423277871505e-01
3.739815548821323610e-02 3.741607771004616945e-01 4.019435970515595757e-01
1.563951908464586982e-01 1.362954242160465679e-01 5.943031896972840178e-01
2.615879321005365465e-01 1.035677072500754692e-01 2.868056098848765778e-01
8.886951243243452758e-01 5.042045010451200460e-01 6.819369373968017234e-01
3.597998997387882314e-01 9.094311441720687172e-01 3.096186231884295870e-01
6.924198049661226539e-01 3.232659200905863006e-02 2.767609734986464787e-01
5.263879444902884730e-01 2.430459840019227880e-02 2.651518473238679841e-01
9.900156171085366941e-01 5.466001438662534406e-01 1.551582406576753614e-01
6.655121549631848321e-01 9.801756916376960227e-01 6.556453238772984582e-01
3.951108769227914541e-01 7.661892124315722308e-01 3.933786291616981901e-01
8.096111073590103180e-01 5.796576632792315165e-01 8.850527254583162584e-01
3.223409787023467921e-02 8.546385914763066083e-02 4.515319922985788770e-01
9.513223075731052081e-01 7.331542222336567827e-01 5.573528324494686492e-01
4.711170710143604001e-01 9.655806889240425850e-01 6.532196900218513180e-01
4.450565511263075980e-01 1.074865346542414057e-01 2.677044355151710908e-01
6.347860496996005075e-02 3.292575810723723517e-01 1.344582884495459929e-01
2.420904389789606537e-01 7.889539032216837944e-01 9.502935770194691489e-01
2.177314685341269485e-01 5.138644503266143193e-01 9.553955572524286399e-01
8.264085296514621648e-01 7.010493211300793392e-01 4.261048268218139423e-01
5.935757285792440108e-01 3.864452541536878005e-01 4.360377394164718368e-01
1.666001988827707780e-01 3.371686581669476324e-01 3.011106618832768422e-01
9.174583330791670210e-01 3.902774124520597132e-01 5.646088962201892825e-01
7.412224695408404784e-01 5.768477307628129269e-01 4.118172550650039954e-01
5.540748469500100803e-02 6.777502709981453322e-03 4.234521764308643021e-01
7.395009617211648623e-01 6.653775271321509255e-01 7.526683337213238012e-01
6.768362409500958687e-01 4.982930572476286235e-01 3.861725064109396977e-01
1.462095705577795002e-01 7.495245668451906429e-01 9.486562022968535457e-01
6.793219210343908188e-01 4.650280881115620435e-01 6.121391643047067177e-01
5.958448964601053000e-01 6.108212013421815412e-01 7.118913527570593924e-01
9.634957773822149241e-01 1.939325056878906661e-01 5.995595844093458693e-01
6.342857532555261635e-01 6.427698406579217538e-01 8.914336784105949540e-01
6.283827774752737128e-01 7.793030501890174655e-03 4.008023498179190680e-01
9.240317161219311348e-01 1.443837408469201833e-01 8.604014527786023603e-01
3.843534262053245332e-01 4.545780428123780137e-01 9.793101467124389892e-01
8.831885860213252171e-01 8.292751692559219290e-02 3.542142083603019298e-01
9.954832002363800392e-03 9.026385718342101461e-01 3.939925426193250368e-01
6.782053606441937887e-01 6.169823241672103276e-01 7.300417335950262210e-01
8.137389942453098213e-01 9.790578858034261200e-01 9.656429139467224143e-01
7.476474551538306867e-01 2.038105847215468946e-01 3.757500142123103570e-01
9.682911290945488414e-01 3.916907506112238258e-01 2.609586940046115799e-01
7.158952043022519529e-01 2.680977550451024705e-02 9.394603808240455933e-01
2.538291102931051757e-01 9.316974931076084099e-01 7.829585156358993547e-01
1.415872017062391741e-01 2.133850610211182053e-01 8.537523714967247823e-01
5.436241220749615799e-01 3.859299556656010655e-01 9.814238852068684071e-01
1.430157318563386459e-01 6.816350837240590099e-01 6.199125005033079283e-01
6.921629446175884270e-01 3.967698547421054656e-01 9.829485951706775637e-01
5.669039611458145389e-01 3.391091740138685307e-02 4.390450915188096603e-01
3.900654970621389994e-01 1.410554494175235707e-01 1.759336497594077287e-02
7.794027918486172712e-01 2.002689482238564356e-01 7.191885213983095770e-01
3.251892925200936535e-01 2.888050304793160494e-01 8.395725272002463324e-02
4.868822929634343266e-01 9.690888072538551556e-01 2.415574243602961468e-01
9.855954265422528504e-01 2.063616851336379510e-01 9.982531575265789492e-01
8.862213867550126078e-01 9.573016184880585033e-01 9.562398934432680964e-02
9.213156381163711828e-03 5.843600156544587199e-01 9.574666146923377363e-01
3.826102677639713345e-01 9.692697542498219798e-01 5.311274936276247916e-01
5.059104985994802295e-01 6.435342707817991448e-01 6.473973303932316625e-01
5.664298138718784070e-01 9.814131165120710820e-01 5.022136123851855816e-01
7.740029433656008262e-01 1.029803485285715192e-01 1.695658287255249475e-01
6.118358362376333792e-01 5.808080446664135588e-01 3.392500036983848721e-01
7.166695055343075271e-02 7.815918233531727877e-01 6.469517479278251715e-01
3.931928306947086726e-01 9.300549927215321366e-01 2.278863590803665851e-01
5.908841321709101813e-01 7.352307087265254060e-01 2.590871671597050341e-01
6.938893376811134939e-01 8.474948765729946043e-01 9.206495887189598548e-01
9.989527470705499290e-01 2.584179334592492383e-01 6.440558456175349278e-01
2.318702145937393544e-01 9.836205735730131350e-01 4.408280129679978954e-01
9.528999603152605857e-01 1.009816055969969817e-01 9.752128635264435408e-01
6.379882814074094854e-01 4.365507146844055386e-01 2.930199324011876216e-01
3.628402375140991065e-01 4.970152926166465646e-01 5.338084317681279778e-02
5.036117476506062340e-01 2.244665058967272309e-01 1.687374130811813977e-01
1.340902871908706828e-01 6.354942001243540917e-01 4.088728491754779482e-01
9.323578743667986224e-01 7.747661044073222980e-01 1.560259677530879685e-01
3.111941807913618518e-01 4.972812227498056847e-01 9.101662014844538184e-01
1.763481173845171668e-01 9.654325185438359380e-01 8.247364688531577670e-01
2.958149062369328508e-01 6.867348178209934373e-01 2.835285868039008061e-01
4.586782158229665285e-01 1.529369476871830225e-01 1.935233457232197196e-01
1.493655722400262231e-01 3.056552566110912750e-01 1.460393864802903563e-01
6.946657643442414320e-01 5.227946860865626544e-01 8.190040433773023709e-01
8.346708290884649051e-01 9.259881105649064859e-01 4.344185157783087003e-01
2.736498928793357210e-01 7.672302669367971895e-01 6.132186080404756767e-01
4.027805895485014887e-03 9.435524378811186441e-01 2.046323163581242888e-02
9.187841433073405950e-01 2.864666227348839911e-01 8.393157182726751486e-01
6.012240953185773451e-01 5.037724580615923209e-01 2.087768340309770210e-04
4.666293168134314495e-01 5.968398856971949273e-01 9.496979158310017155e-01
9.398645654180115550e-02 5.112288078274436209e-01 4.101723844530256180e-01
4.937508569776867251e-01 5.619569991330433112e-01 1.140278268717266341e-01
2.973981705388883956e-02 9.333284187366291951e-01 6.505424819028208239e-01
4.967594503897611036e-01 5.913547662164814200e-01 2.317465133104605890e-01
9.999780264669460017e-01 6.631934947855524509e-01 6.247024279882308351e-01
9.548445845713068314e-01 4.328592410760556675e-03 9.581656568663458051e-01
4.206194304491471803e-01 9.453366449400498750e-01 1.275867660225982192e-02
3.370841443918993763e-01 3.572315435845863085e-01 5.345719456495793276e-01
4.619450486593816851e-01 6.017627787429796760e-01 4.794971140670256649e-01
4.189860261543353337e-01 4.436291669228976664e-01 3.710002303374376753e-01
8.524728902464825397e-01 9.441165773517412596e-01 7.602336726692432434e-01
2.973376031316488088e-02 5.964268182276737384e-01 5.881972838683602323e-02
8.606008315268656172e-01 7.756947087567642729e-01 3.141057958794911675e-01
8.109454276497758407e-01 4.603309354854767665e-01 2.914967118800276813e-01
7.948154164269960464e-01 7.976112739312358757e-01 8.968702736007564402e-01
1.777637193299195228e-01 8.732785429013137923e-01 2.236943440255882987e-01
8.410562225984531404e-01 4.530807899252734527e-01 5.103358019880973595e-01
7.081478881716429807e-02 5.566245889432686056e-02 6.142169362499716456e-01
4.997662324269680489e-03 2.561157173790705732e-01 4.044551902003972188e-01
1.124838750434442591e-02 2.939530914294044006e-01 6.454458634015440843e-01
9.191367263948875266e-01 7.961991363959508572e-01 8.842744266122610775e-01
3.564217426368790909e-01 8.585106389515715364e-01 4.148879867591045434e-01
9.263622496521305427e-01 6.590285631978680669e-01 5.835250575373361892e-01
5.479572894230066993e-01 3.452510237738871668e-01 2.356958650982218240e-01
5.067675339062682749e-01 1.580364160956990727e-01 3.588865647430988792e-01
7.295952286588969216e-03 3.188940619002307297e-01 2.055882464659003483e-01
2.289670629154543224e-01 1.900882030784413201e-01 2.038858832397006937e-01
3.729763714537838171e-01 1.303152002309855284e-01 3.523690190507390296e-01
7.312921728725323423e-01 2.724551903765131122e-01 7.280699118833068306e-01
2.488356851648009238e-01 9.624173831817824931e-01 3.091302672504228077e-01
6.906646127824970227e-01 6.729948898981088501e-01 8.970449194922036629e-02
3.166872139448014822e-01 3.834837295194646334e-01 3.341560264377937406e-01
7.523335917519403671e-01 8.154636758381602624e-01 5.261309157403367687e-01
7.290320987649663298e-01 9.071730422066823785e-01 4.012780614527096112e-01
3.502284793199870183e-01 8.538069700643393656e-01 5.634512721310723782e-01
8.898901051934112738e-01 5.771092404773159323e-01 8.604716500461819795e-01
5.978877785048142268e-01 6.208192117413164901e-01 6.243499650652846178e-01
7.948544579543698196e-01 3.315412435703611882e-01 8.182445091449856989e-01
1.193994089414562865e-02 8.058816786052418468e-01 2.526927888232362029e-01
4.026331563169960326e-02 5.378241794705657108e-01 2.874496382592123256e-01
1.496552816266333297e-01 9.144526842313948078e-01 2.832033863343947910e-01
5.168428169854183407e-01 5.772551474145237727e-01 6.098838405615448766e-01
7.143695447747272498e-01 2.556480745673175292e-01 2.612217642865557465e-01
4.993966930140953941e-01 8.901238268501169282e-01 4.776529297373324212e-01
8.094615958052201465e-01 3.533128574260359089e-01 2.577861630069454568e-01
8.231539240236587229e-01 9.466807347408808804e-01 1.928891887998916976e-01
5.179198279461736387e-01 2.474195107596685039e-01 8.452704273644343624e-01
9.823965774057573652e-01 1.228761173051425848e-01 7.284775598170210031e-01
2.840847495294263059e-02 7.063699983071763944e-01 8.456644132280456416e-01
2.966765570564819932e-01 1.310208804226646873e-01 4.304685275118945720e-01
1.990629676143537141e-01 6.943441419381762847e-01 3.997533538765130068e-02
1.441336291046507734e-01 8.183317043860961482e-01 8.212766417280241704e-01
2.123146523918830741e-01 6.737149742425059262e-01 5.925002512496633233e-01
9.275497627192677008e-01 9.939065057236530221e-01 6.531679479022073354e-01
3.373945662185727778e-01 4.641510612178103568e-01 4.856613355037860957e-01
8.041935331207095139e-01 5.167867307132394394e-01 5.760778827736814378e-01
3.990751714500575531e-01 2.831943114569727138e-01 4.368217260059085172e-01
8.585459846663087147e-01 3.700665930069938492e-01 9.971794264641596905e-01
6.122842062774729310e-01 3.185536002494533392e-01 8.214517580544273834e-01
7.129432716573559370e-01 9.117537352143106899e-01 7.037135821706477223e-01
6.168884444699777037e-01 9.078377031742119740e-01 5.548384606859627644e-01
6.076198018263567757e-02 5.383271535688930465e-01 9.951092051853241971e-01
6.153690306306759394e-01 1.442595361137103405e-01 5.032883002207219070e-01
8.029762043816288664e-01 1.371285293551163242e-01 2.548994985389433365e-01
7.866755246302896687e-01 7.090062236607019841e-01 5.312151394337760735e-01
1.777180908131841264e-01 2.568253855465979507e-01 9.937647242871207043e-01
7.732686854447484714e-01 2.297087971517995930e-01 5.155272824407420851e-01
4.133338697137245443e-02 9.190578404897324916e-01 2.600599402137301341e-01
7.293843633052864428e-01 9.684726060346774412e-01 5.400076676840600554e-01
6.422489723591099375e-01 4.076766092866418445e-01 7.632371256253792646e-01
6.685240660973457150e-02 2.023401472463431938e-01 4.846834621497757567e-01
9.185913266539993405e-01 4.500784585183669195e-01 2.956079297707651099e-01
1.791062234879410298e-01 8.401953024825391525e-01 9.901049577252746259e-01
5.863167504416142428e-01 4.628384663933140519e-01 3.911764560141011149e-01
5.308542212710138930e-01 2.763290196025151024e-01 3.780067572941699927e-01
6.239123119618862345e-01 7.236348812628189409e-01 3.180217786610683994e-02
8.808435688722658918e-01 1.343047580764178406e-02 4.748900803219467948e-01
3.995047759998711090e-01 6.422701826908345790e-01 8.168153686349812759e-01
2.495702399188286513e-01 6.916612587455504002e-01 7.316091816227496825e-01
8.231973729667619866e-01 6.253434746660858634e-01 2.244009909998415653e-01
4.561825575768860830e-01 2.160940445679491173e-01 9.452358880198601376e-01
9.337748350655198371e-01 4.781971887610213523e-01 5.667934610779100657e-01
7.496877361918439231e-01 1.069971100751245796e-01 2.410598097443672483e-02
1.156967349651589760e-01 1.937933667355729028e-02 8.596746996703032995e-01
5.639443099791229264e-01 9.601367357929543322e-01 8.901142646655657575e-02
7.181670132643444004e-01 7.495876621776701443e-01 3.678161493608115284e-01
9.931652600442530954e-01 1.629450542504401467e-01 2.581222173381747531e-02
6.420956767561298850e-01 2.531280765883177075e-01 8.548731849795661031e-01
8.375638334396624529e-01 2.290500373529580358e-02 8.040556322454872618e-02
1.723109935133548820e-02 1.041381832971031152e-01 6.827502061744146200e-01
6.263979686169145467e-01 3.781036511902245989e-01 1.127340670934048328e-01
2.686626428951214285e-01 5.145750814813961904e-01 5.502132034822121431e-01
3.712559378852636760e-01 6.975326606582946676e-01 3.481434409563093357e-01
5.662276773527201712e-01 5.936640251368633381e-01 4.453715240000827302e-01
1.512681675655223046e-01 2.244040784405586519e-01 1.780146794783419306e-01
5.499248258768741904e-01 8.629665657434832937e-01 2.720258939016616528e-01
4.698116043846467527e-01 5.219067759595548139e-01 4.412818861069293108e-01
8.415524582744735582e-01 4.808894668068124378e-01 6.338379302372435520e-01
2.201990333398702315e-01 3.261150630262601435e-01 1.668834387120019525e-01
8.690035408909467796e-01 2.480461363321493362e-01 6.712528326658137034e-01
6.166387637050922965e-01 2.258179665825744697e-01 5.644839620625967669e-01
9.864899539644776949e-01 7.986834337669251882e-01 4.824563657206568656e-01
4.390936602924188081e-01 8.668859347162597428e-01 8.970769835474894371e-01
1.030538727098073704e-02 4.136456478657914992e-01 8.623265983312271565e-01
7.150767333920362567e-01 7.454764697985906130e-01 4.694296097886633268e-01
6.733002921328027357e-01 8.141428699039690020e-01 4.848147094343501218e-01
4.757791293085837925e-01 3.953832327733323160e-01 2.026822971072170798e-01
4.075027934132227081e-01 9.826260971921783050e-01 6.436868492172043155e-02
6.649843642634141183e-01 4.768109290155367885e-01 6.979929423531163746e-01
1.854008392932559035e-01 2.806311986718146301e-02 7.497403162951603584e-01
2.789690348348100590e-01 2.900038108788685065e-01 3.853792732744700800e-01
6.616444468032131043e-01 9.250218221406411034e-01 3.228041736581402921e-01
6.176488751708570923e-01 5.286623219835727694e-01 8.983350630465345432e-01
3.900956785152851491e-01 5.793629250289116239e-01 5.797318835031173290e-01
2.666246736783220994e-01 1.463657229567769669e-01 9.089466766908047557e-01
3.606394730076381006e-01 2.293111882721488026e-02 4.803707366154561509e-01
6.367844164353518854e-01 1.257348701220655229e-01 2.443688585115231238e-01
6.164917933570358555e-01 8.626190379232114847e-01 3.649915437838814336e-01
7.254481972377833099e-01 6.219563485564630900e-01 6.484268909268829928e-01
9.038866058687202720e-01 5.797142492440885420e-01 7.388871044311577929e-01
1.063383220319054079e-01 4.201415940410866412e-01 3.009239569237521783e-01
2.419961064732250033e-01 4.429189262369284119e-01 4.639170406136188252e-01
6.814648028998568918e-01 7.785189626860921086e-01 2.293658978878886368e-01
5.208165502301057570e-01 4.028839417447138693e-03 7.766635708717628539e-02
9.574541530997895400e-01 8.589830563448251910e-01 1.255808823715569567e-01
4.156064196640973929e-01 1.639626812076855344e-02 1.816153771422834851e-02
3.466079099172433287e-01 9.351363178782290397e-02 4.711042012921388134e-01
7.748006012758219541e-01 5.240159705523262934e-01 2.437174386885632149e-01
7.566910245116621470e-01 3.885169918785936760e-01 7.075002451755910693e-01
3.208875428202230262e-01 8.453938287004421070e-01 7.704439132106095656e-01
9.094370643991284142e-01 6.437324510446885695e-01 7.950835331912398107e-01
3.666635611645275850e-01 2.424199961546708026e-01 2.427215061986519595e-01
6.522265458256824022e-01 9.858638782823958557e-01 8.081156938021676339e-01
3.218556854149026147e-01 7.715088303584752838e-01 7.990553714961734499e-01
3.340221657158737312e-02 6.752134749732120467e-01 9.695446237143794388e-01
2.581505231400998968e-01 5.816863896487373120e-01 1.649579520753826634e-01
7.949475710645331761e-01 7.951091748585995544e-01 1.468581337431571487e-01
9.957199538049624765e-01 8.121095461343852406e-02 6.087014105806121123e-02
6.526152864089096450e-02 7.821778460345825135e-01 8.783011517953612790e-01
4.218797146194255276e-01 2.880455681711578952e-01 7.369968953314167681e-01
3.837499379400126642e-01 3.217203272638635703e-01 9.296283941621592550e-01
1.186226692098273361e-01 3.225864051884238526e-01 8.426942103049213095e-01
1.292594054847764351e-01 7.641702269454024865e-01 4.753571513590293396e-01
9.862802419829559408e-01 3.672164400913086046e-01 1.394933498521057080e-01
4.116871398122692316e-01 3.744580208058267967e-02 7.610814801658758455e-01
4.136717470774919914e-02 8.623657228632979344e-01 2.813538703117346440e-02
4.828284605312778144e-01 7.129433818815424928e-01 9.302565819298141969e-01
3.155188490702550697e-01 4.229866400364840073e-01 2.182545365223779177e-01
1.968727513885273339e-01 4.203224087828015820e-01 1.054051566701899034e-01
2.919891475816341897e-01 4.210234807517809763e-02 9.314530762845186773e-01
1.652766788547187504e-01 3.689979797623976765e-01 7.856119593191186468e-01
4.542282023094681431e-01 5.207477784999442472e-01 5.730967882795834356e-02
5.594416155745127739e-01 1.101838730835233982e-01 4.161615004404306539e-01
8.565109187998037887e-01 5.602615057213774508e-01 2.251693948467052842e-01
4.649991552426929742e-01 2.756945017056022795e-02 3.821350533555655238e-01
3.427852837253153595e-02 8.576345417804664972e-01 7.692558620470874020e-01
5.675075157250264457e-01 8.445913024325801821e-02 9.130517553675950859e-01
7.673411476540008547e-01 8.910323819766541309e-02 3.640907177028126496e-01
6.270880292196467920e-03 1.097989619491747115e-01 5.705032405071086554e-01
1.773955640470238349e-01 1.000315829195652650e-01 4.375533222362395502e-01
8.067994358112992037e-01 9.408080388272369587e-01 2.574419938068581715e-01
3.232118205286060864e-01 9.904175135775777905e-01 6.749152209336612973e-01
2.627427540323745703e-04 5.470766986161422762e-01 8.206469136303591316e-01
7.714502239403064898e-02 3.057417484395930085e-02 2.193726509269557923e-01
8.342317815008171156e-02 6.879112867293385447e-01 1.036725369374490446e-01
2.705313746082116388e-01 4.648550199828177520e-01 8.017588108494666521e-02
1.969506494896761106e-01 1.774738718818145156e-01 9.068957463016465992e-01
2.021310209564464166e-02 6.126965713056538032e-01 7.625171691751755354e-01
6.213764451211373219e-01 5.302580800603635680e-01 3.180430748618405801e-01
9.027764890741080128e-01 5.384522460671091748e-01 1.741178664821088073e-01
1.855583941908428569e-01 9.153567801347429755e-01 3.989171569187923705e-01
8.821949090031041552e-01 5.005929918121031497e-01 7.867711582179478524e-01
7.083447505122149046e-01 8.827512768225870277e-01 2.048604910695650538e-01
3.072724593359033030e-02 2.387216014358874983e-01 8.754736703828185362e-01
2.928178719641665317e-01 9.425725287089592452e-02 2.142026434146871994e-01
8.843448298013756315e-03 7.939787064054394383e-01 4.644099163474686431e-01
1.581425489855736721e-01 4.457987801374906356e-01 4.799628611505680764e-01
9.905864607968039026e-01 2.109235213756224248e-01 3.121918055735402042e-01
5.620766877672923600e-01 1.275188896437687847e-01 6.998162212212422073e-02
2.670681594848154372e-01 8.532394468392296982e-01 1.131353198847743213e-01
5.765158286964929824e-01 1.016111468733907897e-01 7.605748145408592897e-01
2.164839299014766905e-01 8.959374974787803758e-01 4.605521624849011619e-01
8.934047135407289231e-01 2.231268087864946015e-02 2.342625300427384483e-01
9.872858205804214693e-01 4.162381445990793738e-01 9.180552213707219300e-01
4.731378638998263719e-01 3.886193752203774832e-01 7.467377126584640035e-01
2.483070446890900396e-02 1.017954337526855157e-01 7.949289424828636097e-01
2.087537698166967992e-01 5.914580981191523978e-01 9.502924562048505885e-01
1.288623841437972484e-01 1.751261887675700235e-01 7.438074952407613960e-01
8.756104958722005227e-01 9.591036365314041801e-01 2.347715478264210676e-01
8.349664740759372705e-01 8.543611530298990120e-01 5.953743773465250966e-01
9.973050726907328745e-01 4.398773305936086730e-01 1.653993408868337234e-01
5.545407321495199326e-01 8.732908546134704464e-01 6.612975927268763821e-01
8.717914429465488668e-01 8.872091625353647482e-01 3.080278869967112421e-02
5.050361647071621718e-01 7.788769177133639809e-01 9.527176994695357726e-01
2.365161067378271920e-01 4.614264548727526893e-01 3.449401488706117513e-01
2.634758723979527817e-01 6.406149467861669278e-01 4.258730692776027116e-01
3.847652549334641403e-01 7.859211403163601783e-02 2.242472394321346485e-01
8.983695914796410165e-01 6.264383572127603106e-01 2.207825264211749072e-01
2.913846974424386671e-01 1.977818932883503855e-01 2.692207078358843653e-02
2.009138355377741991e-01 7.957574941136922320e-01 3.668414955226211305e-01
5.085066892629219737e-02 9.870963271573933717e-01 8.891355241142135934e-01
6.022437287648816362e-01 1.066318613903688428e-01 5.920679304304552470e-01
7.298340696751690615e-01 9.663615010166773933e-01 8.945563558258853298e-01
6.728448188567986987e-01 2.005200620498096553e-01 1.784254936635423228e-01
8.928676638629751139e-02 5.164355201518322502e-01 3.843719014565005754e-02
1.431793928154382334e-01 8.641612275154564315e-02 2.752064138682909222e-01
6.133383285508121618e-01 7.528990336444504328e-01 5.003481119450094994e-01
2.910498709191658984e-01 6.102260578353798648e-01 2.347064524699460364e-02
3.055389988776110455e-01 3.076929652636383183e-01 1.642250231419820627e-01
5.481816614260403009e-01 6.737548873344536560e-01 9.235946291926063756e-01
4.187499443024031986e-01 7.897899257961620290e-01 8.576425235503527533e-01
9.770574113324238530e-01 6.958786148137281469e-01 1.758806540043729161e-01
1.754144837406923507e-01 1.485293264393515722e-01 8.138057627149221096e-01
8.524056188655263488e-01 4.599307461557634591e-01 1.006326213095876110e-01
8.747614747965312132e-01 8.783493835960930474e-01 5.076263883705637303e-01
9.448794596868596019e-01 7.486095172323651292e-01 2.470403121610664776e-01
2.859506222947949539e-01 6.349264952707766030e-01 5.122748612177933092e-01
2.187005543358753190e-01 2.256308274875473696e-01 4.222611918562996225e-01
7.280743665924993557e-02 6.661885909806722905e-01 6.816844879546465341e-01
4.375785646568453036e-02 6.224530852309337892e-01 4.209238742132106470e-01
4.170175305260725995e-01 9.976228040429769850e-01 7.749420356028726697e-01
2.271346773366014204e-01 3.727746104987137432e-01 5.986400167104167780e-01
9.690705083061036396e-01 3.247854240431663486e-01 7.812140421970746873e-01
8.122235251783329613e-01 2.273297822473588914e-01 9.501720040046939264e-01
2.253990799954136426e-01 7.153240772424293015e-01 6.587096803272152190e-01
6.001424183850885274e-01 8.645308532758149145e-01 8.307126050979551923e-02
2.590241308198152348e-01 9.887741443966099331e-01 3.944027416130979624e-02
3.199609421487308314e-01 8.492106190342094685e-01 9.456206446728504522e-01
4.643529555106556961e-01 3.889140910443923405e-01 3.775803954828621523e-01
8.193178040446275068e-01 2.617930629852940339e-01 8.448619440433519090e-01
1.252375238953729042e-01 2.084314502158298721e-01 3.738108178075718602e-01
8.178201796208712793e-01 4.518934532556799777e-01 8.542263741808290289e-01
4.783421580848012944e-01 7.628341261804315598e-01 5.554144282494446472e-01
3.910540017850271388e-01 4.100564205312084987e-02 6.475625359107928247e-01
1.776473128745440500e-01 9.238051537719647044e-01 9.123926623094124055e-01
7.116377058926472987e-01 3.827026725813302832e-01 5.230882182166259886e-01
9.193484902663676683e-01 4.069465399801739380e-01 4.195869214095540034e-01
6.575442574003430574e-01 1.895234441733486541e-01 4.025018662149114634e-01
9.320355349746144435e-01 2.111249018435850111e-01 9.446115266548754663e-01
7.697072149660721951e-01 1.855577889944101111e-01 9.041470451703914613e-02
9.802824956119881028e-01 7.984210399959358329e-01 3.960513586276129816e-01
3.828459191800261951e-01 6.297730318534419114e-01 9.899624412829413078e-01
1.501748042254116289e-01 5.603340536997720722e-01 8.498794940030940381e-01
5.183438646587679166e-02 3.813869908350826510e-01 5.889937135149292402e-02
9.134495972504574901e-02 9.068366366203477469e-01 8.769377690800037595e-01
1.938713504801857779e-01 6.269253397210738932e-03 4.706037312728713617e-01
3.803923517905943852e-01 9.304741123872954933e-01 8.105773819098839317e-01
1.043914204297057280e-01 1.200495560629455394e-01 3.999294686167836899e-01
9.917615011994608265e-01 3.378842934234068673e-01 3.191661932756794107e-01
4.699639749120873011e-01 8.049302511660177961e-01 3.925167474588051597e-01
3.707760797653155693e-01 1.869990351741063206e-01 1.746476786315177554e-01
9.901219262157110457e-01 7.974121907854270219e-01 8.131005254871376264e-01
4.604046314458560829e-01 2.808813057567507432e-01 5.374917075911689324e-01
2.422121988843836116e-01 4.155487622456445207e-01 7.075748545403898193e-01
7.947069296372277769e-01 4.546309984994103548e-01 9.528273718900625022e-01
7.138575879797670609e-01 3.509497585195124891e-01 2.465280666488260941e-01
3.383697388032752551e-01 5.114239253242511829e-01 7.178588306122617446e-01
4.530931894037514285e-01 3.537256375815327480e-01 3.304755867391391266e-01
9.383014059574525945e-01 1.527215341668627380e-01 6.852496831003479505e-01
4.887373110939708942e-01 5.596049391459755329e-01 6.878955598748427436e-01
5.617178355826313307e-03 6.812404159947127447e-02 2.061854686179956930e-01
8.549678866688483758e-01 1.527612573638778004e-01 6.036147675797158829e-01
1.654685795929636827e-01 1.390472547389697278e-01 4.910291974236113965e-02
3.933999057735441118e-01 2.272339348955729754e-01 5.279721286658006774e-01
6.850319486336157171e-01 8.572934282598667632e-01 4.223642838390235799e-01
6.189182590870043743e-01 2.444843710089797950e-01 4.733656000826353960e-01
6.705716513885434660e-01 7.958418193584410050e-01 7.511116016670651430e-01
8.271850961950558689e-01 5.705369638940671617e-02 2.130124648558574529e-01
4.459266136093660293e-01 9.303363725888675884e-01 3.815388519677195278e-01
1.894939883612946074e-01 3.095999913576696905e-02 6.762565272706146935e-01
4.235198614142542395e-01 5.276558736641038250e-01 7.653965514700143968e-01
6.863453219737363220e-01 3.489443294457601485e-01 6.787589807106330086e-01
4.936896560142689516e-01 7.914472930054234912e-01 7.825869215212388763e-01
5.090512673242206798e-01 9.327224917073428934e-02 1.264347769743413563e-01
3.756708152548601243e-01 4.044688174747033127e-01 6.376955289875823052e-01
7.726072253597559003e-01 4.532017789811049191e-03 3.880970009493589501e-01
5.294356062725065204e-01 3.424786664181872498e-01 6.889961675492861648e-01
1.793363737264273006e-01 4.188008349399900965e-01 2.177655985759343604e-01
3.471904982978049059e-01 2.046439693776812563e-01 9.406151239814385390e-01
1.060844279598334161e-01 3.970481064688780037e-02 5.201561341545138939e-01
4.348800472106740811e-01 5.967152897072391937e-02 4.582260361973428120e-01
5.369980473427278245e-01 5.471355259346548650e-01 3.211855139990738017e-02
1.198170030558748378e-01 1.758894801301980060e-01 9.396625986123059437e-01
6.474100848789128282e-01 7.568840907490725911e-01 6.047211823810275666e-01
6.869539912221722666e-01 3.735735085065162719e-01 3.944821401580385078e-01
6.844726973201633591e-01 6.902956477807710156e-01 3.192578764248165113e-01
7.672869665666829375e-01 6.455902499513013204e-01 5.496354497165784059e-01
5.346430602856762082e-01 9.229218196050208434e-01 2.025329170654561750e-01
2.688193306932429305e-02 3.849157219148546805e-02 8.805359385031152897e-01
8.707649622272236600e-01 1.383649482302203859e-01 8.147404752505127412e-01
6.995629979243878083e-01 8.770898859076934340e-01 5.803288185833871404e-01
9.445353278955220810e-01 8.461715082657290665e-01 3.141548474754485287e-02
2.503475620060997553e-01 3.142858732185898063e-01 5.621421449576946561e-02
1.979189533102889698e-01 7.822475660269139208e-01 6.507307446684218455e-01
5.679078457768231836e-01 9.297984104612991851e-01 1.384972653960382383e-01
6.801632792189294952e-01 5.589959576782194128e-01 1.207011527994654720e-01
7.054477927921843916e-01 1.038331937314647124e-01 9.397907735684878361e-01
9.424345377131689849e-01 3.038929823677065656e-01 6.712967427996237024e-01
4.031835718905441013e-01 3.349807464845169225e-01 7.833568675707169859e-02
4.367194693069942346e-01 1.488737155828152581e-01 9.620032060521561679e-01
8.886874915705446076e-01 6.707350841363342031e-01 6.764294382924697091e-01
2.856788795868520081e-01 9.559183743013472956e-01 9.857701235235101223e-01
6.059826528912858334e-01 5.173927860199889484e-01 5.803593142252289061e-01
6.378823285302229751e-01 3.658762685303168505e-01 9.431834800462499668e-01
6.338156198336420966e-01 5.485010616538519290e-01 4.820220267626356137e-01
6.773269149816174561e-02 6.782967462798029645e-01 5.641589899847213596e-01
4.978858039598600405e-01 9.357481432363320417e-01 8.450097312477325984e-01
2.704780052011257485e-02 3.801645263364273886e-01 5.087400678864264503e-01
8.346167978435703461e-02 2.615334328444409717e-01 3.241366037151565127e-01
9.845847975583132961e-02 2.640424813000523674e-01 7.778474474038210573e-01
4.720413531648082195e-01 4.232337245675374948e-01 9.048882722968253356e-01
2.696119475136815602e-01 8.570543829719259321e-01 4.387906380493596936e-01
8.563892473589139742e-01 5.313399947754431363e-01 9.251091296131394026e-01
8.677643702999582320e-01 1.621022201810278229e-01 7.281068642036653271e-01
1.317635274564806780e-01 9.611707326966676401e-01 3.671794044992704453e-01
1.381828594643330632e-01 8.652162179541144083e-01 3.612877265076205324e-01
8.731713187619439820e-01 3.837090136938164919e-01 7.036021655296026411e-01
1.387256280292452626e-01 2.251873848964679459e-01 2.738201499761856450e-01
7.048003968136298258e-01 8.106915385749996483e-01 7.003814933463708980e-01
3.659135246377512862e-01 3.358129345204572402e-01 3.078896233009350558e-01
7.754019384579796670e-01 5.966102185509345457e-01 1.787637768281751249e-01
7.804783063413339717e-01 9.784418635281062482e-01 4.188605904457413098e-01
1.859584282887716267e-01 5.025269805207079887e-01 6.007699835223475615e-01
3.727476574170722756e-01 1.095815889804810928e-01 9.214746744135847711e-01
3.587390451285384918e-01 7.514031732767390004e-01 5.657562306214066750e-01
7.428689564695454273e-01 4.392483545615303298e-01 1.175240105180430650e-02
8.035001245064340436e-01 8.226391432882739219e-01 3.474449534600099199e-01
6.366991370253965998e-01 9.683035282573493330e-02 9.620315792826905632e-02
9.829823525772702908e-01 7.846103137377880010e-03 8.404921920384328393e-01
7.362004786894371655e-02 1.612549296629561812e-02 7.918673227108325996e-01
1.811940753670937543e-01 7.743390514624871601e-01 2.731111884657368982e-01
3.203565180814279545e-01 4.751033316678963114e-01 3.402973400683748650e-01
9.303050965455950116e-02 8.124257669812557925e-01 7.506156231535788814e-01
2.089332114160946663e-02 8.135807768665732631e-01 9.377480409274908668e-01
8.202782527843124338e-01 7.610168818820145509e-01 6.299182776548525320e-01
2.584320204519574560e-02 4.412407932483413120e-01 3.131146662301325101e-01
6.597507418023312864e-01 9.243470173814424262e-01 2.297804806859420346e-01
3.503304675862710660e-01 7.019326737871641742e-01 3.302863279179835132e-03
5.729259701734658039e-01 8.013490899765940423e-02 1.778325494374876081e-01
9.253266686621082204e-01 5.756703262784805819e-01 9.617756158871115790e-02
5.969210238867588281e-01 2.770437397179136285e-01 4.109348469288875982e-01
3.393911896125502148e-01 6.534029535761272101e-01 7.543103958634700401e-01
9.230418002831420887e-01 4.715397468071966802e-01 1.165483981656721957e-01
3.783409571755284029e-01 6.176661171385046112e-01 1.868267675676964501e-01
7.229204628192147375e-01 5.177685914708144432e-01 4.588178941336484851e-01
9.365929104771515412e-01 9.036640804440732033e-01 2.965504458979832947e-01
2.527153174698011373e-01 4.288630135393393106e-01 9.145062404879480411e-01
9.565352324407561113e-01 6.518264985635124908e-03 6.378247921475842519e-01
6.214293035378842811e-01 3.176483777303554801e-01 5.076532766341592673e-01
3.358347476915516383e-01 7.191642970768579168e-01 4.656732105500257513e-01
5.959229075669705278e-01 6.580246995637306640e-03 5.250285430390441155e-01
4.127287333891449528e-01 8.613863265242475142e-01 8.063944718052693528e-01
6.535332986189829052e-01 2.226541919114823909e-01 9.141177246340015383e-02
4.965924839708046878e-02 8.203500714837597130e-01 5.369489778001904634e-01
4.841035007791235634e-01 9.668399707798299714e-01 5.658832290799109543e-02
9.197406947229220808e-01 8.350805265139837896e-01 4.537028786717368645e-01
7.695537513448565958e-01 2.327674594209637737e-01 7.962682335617674578e-01
7.558857523650908128e-02 4.645454689593905284e-01 9.731476777100314113e-01
9.747714729112353371e-01 6.521209730805155314e-02 3.886392134059490910e-01
6.048107348022812024e-01 6.302562658770775039e-01 9.789595293251415198e-01
9.101229428825593493e-01 4.709779790576280600e-01 8.964031462313174492e-01
5.753145543351851909e-01 4.912790347567268512e-01 9.536511783948357079e-01
5.929963042364797543e-01 5.393521508142344878e-01 2.530630435217914309e-01
3.610720434392680200e-01 2.074027583237481043e-02 1.279213189438591636e-01
8.670466322639862611e-01 2.351001660690411610e-01 3.274699250278003682e-01
9.071950625129427959e-01 5.009155440237734735e-01 5.526278438703624563e-02
9.913169336035180246e-01 7.579133483915002634e-01 6.796029404892502956e-01
4.252914034453754155e-01 9.388682339887527428e-01 9.921400386998850962e-01
7.179931052356390841e-01 2.593126646891514842e-01 3.507155228240091960e-01
2.361560602018378807e-01 5.840526948466939761e-01 8.619518100645497949e-01
2.927591672470917228e-01 1.159888372915545141e-01 5.038453999131621286e-01
9.817126693536187831e-01 6.158773386428852969e-01 1.785643092244963981e-01
9.065656622361663031e-01 1.578718256075785087e-01 1.762340911427066059e-01
8.623802250063461461e-01 8.720638678474543770e-01 3.610433255341088943e-01
9.292703336450708340e-01 3.455309999845067592e-01 1.864845928054399415e-01
8.611277247847806127e-01 1.110316847131014306e-01 5.122723163219370379e-01
7.478379187666994721e-02 1.318144315592794102e-01 6.167927456566142386e-01
6.019286723876270395e-01 8.671998624231247454e-02 6.583244074235682364e-01
5.381100479137831405e-01 5.336303488711242604e-01 4.567781506197667873e-01
5.754416418582251058e-01 1.389069496600474629e-01 3.497441842182924532e-03
5.220039965202718513e-01 7.374231800493233902e-01 3.321671345328393032e-01
8.510697922293062323e-01 6.617210021742282455e-01 6.075874557465721360e-03
1.541644811335380894e-01 5.900973908673466939e-01 5.276958314950136453e-01
4.598816637670946061e-01 4.162817757882945058e-01 4.912152296184154610e-01
3.461167403494646022e-01 5.418127859247844347e-01 9.566396175187164008e-01
7.064811805219977092e-01 2.680102074594903350e-03 5.743802347904136685e-01
4.303139926785992664e-03 6.120871107047984871e-01 6.619622429661861096e-01
1.304441501308473139e-02 6.468323551494384871e-01 6.027090534042780501e-01
9.953083743129970129e-01 8.121353140575812146e-01 1.839081127506362323e-01
2.225152926490152616e-01 7.928030745226195553e-01 1.656243462222591889e-01
3.708558639688209757e-01 7.239716452956405091e-01 6.547925777659764357e-01
4.897659298168136610e-01 1.235883674489303141e-01 7.239131604127326813e-01
3.321374949442139624e-01 4.315334142137247087e-01 7.323967387271754781e-01
1.234373163968127685e-03 3.401647906187975634e-01 7.481322962962999590e-03
1.219527924851521172e-01 3.239458152972218841e-03 6.061209669659768373e-01
6.281534668256139042e-01 3.568716645420733080e-01 7.861077663432403106e-01
2.160856179151727785e-01 2.918069725141198001e-01 3.219258262415402028e-01
8.620490984069646423e-01 1.880065088574216503e-01 1.119817034347710960e-01
6.996523244722500090e-01 9.966203145478522707e-01 3.296394189631434157e-01
4.207714632827008749e-01 7.066703943541434718e-01 2.796643817565679369e-01
4.274693000889877581e-01 9.391590288290112554e-01 7.384672431272574222e-01
8.912564809197511817e-01 6.432133305178444616e-03 1.568318038739883180e-01
2.999149254634349004e-01 8.068186715417959842e-01 4.153857307471735538e-01
4.478537327953332481e-01 6.128279474769450230e-01 1.431075779393001790e-01
4.210541540403430760e-01 3.850765932262383284e-01 1.578406278135990881e-03
5.624614375977999847e-01 6.782509559928687759e-01 5.782499596280715748e-01
4.334034518514772172e-01 1.006709682349393731e-03 8.279084270571077653e-01
1.792417640028445280e-01 9.855159985326273908e-01 6.317708378654195434e-01
6.046838719328224698e-01 9.030070263239124984e-01 8.143920880492496739e-01
1.503180151158789446e-02 3.617701376389037549e-01 7.321936848021357580e-01
3.618369555524156844e-01 5.278586122267182601e-01 2.085301382138439186e-01
8.036795721750539245e-01 5.559893233713816274e-01 3.179785704499281662e-01
9.351217140265889460e-01 6.533048867623051370e-01 3.287014662170781865e-01
6.198450133493536018e-01 7.240595414181839606e-01 6.657614711389244766e-01
3.078858193744157257e-01 6.057240365918907798e-01 8.678247993781132985e-01
6.126790281619598488e-01 2.392147305446095107e-01 9.502442897880307715e-01
4.915421450663314262e-01 4.225255886341783285e-02 7.828630408017389630e-01
7.641385264088486062e-01 6.821153674795478183e-01 4.722537788774796574e-01
9.916944009281480898e-01 6.699715459022019814e-01 2.950056599863080109e-01
8.046272704792412078e-01 8.905508763827544305e-01 7.667458244762209718e-01
7.182708493023691743e-01 4.069620434331460146e-01 2.133918620036928671e-01
7.649674347041957034e-01 1.402012410633589612e-01 8.432087509865051622e-01
9.153776825778722204e-01 2.963533006554335270e-01 5.086276857626527148e-01
8.381355318461357617e-01 1.057312798767212625e-01 9.910736986135260107e-01
4.708495644068522168e-01 1.680195447823130683e-01 1.714110723762352073e-02
5.323319553560431627e-01 3.388161159698945823e-01 4.212803818276447121e-01
3.638519761944588593e-01 6.046102044115497787e-01 5.050128183567078599e-01
1.637647326536374459e-01 4.342768016683666854e-01 3.552189693704399520e-02
1.773422292280451007e-01 6.978490974425431981e-01 4.591252721946765813e-01
3.563321335251328215e-01 4.865662430421902052e-02 9.889940961152889898e-01
8.991456877894699051e-01 5.844293245262678349e-01 3.476215251048052624e-01
2.527244278435275548e-01 1.762998255676344606e-01 2.442564953260074612e-01
9.831314895727059078e-01 6.633549209797168222e-01 1.170858102079297414e-02
1.837093032780251489e-01 8.922096577569407216e-01 5.672187127758503422e-01
1.276022709702192559e-01 6.791537908419456038e-01 3.646432009020149634e-01
2.663475984362958515e-01 4.831506757395076512e-03 2.911984229318764772e-02
1.788799384897341582e-01 4.255466822076837685e-01 6.217943706156427996e-01
